4294967294,0
4294967279,275
4294967294,22
4294967294,5
0,5
4294967294,7
4294967278,319
4294967278,132
4294967278,131
4294967278,130
4294967278,129
4294967278,128
4294967278,127
4294967278,255
4294967278,126
4294967278,125
4294967278,124
4294967278,123
4294967278,122
4294967278,251
4294967278,121
4294967278,120
4294967278,119
4294967278,118
4294967278,117
4294967278,241
4294967278,116
4294967278,115
4294967278,114
4294967278,113
4294967278,112
4294967278,233
4294967278,111
4294967278,110
4294967278,229
4294967278,109
4294967278,108
4294967278,225
4294967278,107
4294967278,106
4294967278,105
4294967278,104
4294967278,103
4294967278,102
4294967278,101
4294967278,312
4294967278,100
4294967278,344
4294967278,99
4294967278,98
4294967278,97
4294967278,96
4294967278,95
4294967278,94
4294967278,93
4294967278,92
4294967278,91
4294967278,90
4294967278,89
4294967278,321
4294967278,87
4294967278,86
4294967278,85
4294967278,84
4294967278,83
4294967278,82
4294967278,81
4294967278,305
4294967278,80
4294967278,79
4294967278,340
4294967278,78
4294967278,77
4294967278,76
4294967278,75
4294967278,74
4294967278,73
4294967278,72
4294967278,71
4294967278,70
4294967278,69
4294967278,338
4294967278,68
4294967278,337
4294967278,67
4294967278,336
4294967278,66
4294967278,65
4294967278,303
4294967278,64
4294967278,63
4294967278,62
4294967278,61
4294967278,60
4294967278,332
4294967278,59
4294967278,58
4294967278,57
4294967278,56
4294967278,0
4294967278,260
4294967279,260
4294967279,174
4294967279,71
4294967279,299
4294967279,68
4294967279,531
4294967279,67
4294967279,65
4294967279,523
4294967279,56
4294967279,55
4294967279,53
4294967279,51
4294967279,50
4294967279,48
4294967279,45
4294967279,43
4294967279,40
4294967279,38
4294967279,289
4294967279,36
4294967279,35
4294967279,29
4294967279,515
4294967279,27
4294967279,19
4294967279,266
4294967279,15
4294967279,14
4294967279,13
4294967279,280
4294967279,10
4294967279,512
4294967279,9
4294967279,319
4294967279,8
4294967279,274
4294967279,7
4294967279,318
4294967279,6
4294967279,281
4294967279,5
4294967279,4
4294967294,6
4294967278,374
4294967279,562
4294967279,561
4294967278,373
58,6
58,5
58,4
58,3
58,2
58,1
4294967278,372
4294967278,371
4294967279,560
4294967278,370
4294967279,559
4294967279,558
4294967278,369
55,6
55,5
55,4
55,3
55,2
55,1
4294967279,557
4294967278,368
4294967294,472
52,4
52,3
52,2
52,1
51,4
51,3
51,2
51,1
4294967294,435
4294967294,972
4294967279,556
4294967278,367
4294967278,366
50,6
50,5
50,4
50,3
50,2
50,1
4294967278,365
47,4
47,3
47,2
47,1
4294967278,364
46,6
4294967278,363
4294967279,555
46,5
46,4
46,3
46,2
46,1
4294967278,362
45,5
45,4
45,3
45,2
45,1
4294967279,554
44,5
44,4
44,3
44,2
44,1
4294967278,361
4294967278,360
43,5
43,4
43,3
43,2
43,1
42,4
42,3
42,2
42,1
4294967279,553
4294967279,552
4294967278,318
4294967279,305
4294967293,131
4294967293,130
4294967293,129
4294967293,128
4294967293,127
4294967293,126
4294967293,125
4294967293,124
4294967293,123
4294967293,122
4294967293,121
4294967293,120
4294967293,119
4294967293,118
4294967293,117
4294967293,116
4294967293,115
4294967293,114
4294967293,113
4294967293,112
4294967293,111
4294967293,110
4294967293,109
4294967293,108
4294967293,107
4294967293,106
4294967293,105
4294967293,104
4294967293,103
4294967293,102
4294967293,101
4294967293,100
4294967293,99
4294967293,98
4294967293,97
4294967293,96
4294967293,95
4294967293,94
4294967293,93
4294967293,92
4294967293,91
4294967293,90
4294967293,89
4294967293,88
4294967293,87
4294967293,86
4294967293,85
4294967293,84
4294967293,83
4294967293,82
4294967293,81
4294967293,80
4294967293,79
4294967293,78
4294967293,77
4294967293,76
4294967293,75
4294967293,74
4294967293,73
4294967293,72
4294967293,71
4294967293,70
4294967293,69
4294967293,68
4294967293,67
4294967293,66
4294967293,65
4294967293,64
4294967293,63
4294967293,62
4294967293,61
4294967293,60
4294967293,59
4294967293,58
4294967293,57
4294967293,56
4294967293,55
4294967293,54
4294967293,53
4294967293,52
4294967293,51
4294967293,50
4294967293,49
4294967293,48
4294967293,47
4294967293,46
4294967293,45
4294967293,44
4294967293,43
4294967293,42
4294967293,41
